0 (260)
1 (364)
2 (431)
3 (319)
4 (351)
5 (300)
6 (180)
7 (86)
8 (826)
9 (53)
10 (177)
11 (13)
12 (894)
13 (77)
14 (119)
15 (166)
16 (92)
17 (136)
18 (272)
19 (111)
20 (67)
21 (710)
22 (126)
23 (33)
24 (117)
25 (496)
26 (222)
27 (427)
28 (209)
29 (11)
30 (54)
31 (436)
32 (386)
33 (283)
34 (90)
35 (375)
36 (134)
37 (193)
38 (424)
39 (334)
40 (97)
41 (271)
42 (70)
43 (479)
44 (96)
45 (679)
46 (347)
48 (312)
49 (127)
51 (461)
52 (143)
53 (439)
54 (450)
55 (615)
56 (119)
57 (279)
58 (235)
59 (72)
60 (29)
61 (118)
62 (75)
63 (25)
64 (273)
65 (27)
66 (30)
67 (79)
68 (317)
69 (558)
70 (605)
71 (660)
72 (703)
73 (754)
74 (113)
75 (447)
76 (59)
77 (115)
78 (250)
79 (80)
80 (173)
81 (56)
82 (552)
83 (60)
84 (19)
85 (265)
86 (135)
88 (267)
89 (250)
90 (171)
91 (96)
92 (18)
93 (564)
94 (178)
95 (156)
96 (368)
97 (526)
98 (112)
99 (26)
100 (450)
101 (15)
102 (107)
103 (208)
104 (383)
105 (271)
106 (28)
107 (60)
108 (213)
110 (770)
111 (424)
112 (537)
114 (158)
115 (509)
116 (470)
117 (117)
118 (498)
120 (1135)
121 (76)
122 (292)
123 (140)
124 (76)
125 (322)
126 (195)
127 (266)
128 (199)
129 (469)
130 (487)
131 (127)
132 (412)
134 (29)
135 (12)
136 (134)
137 (93)
138 (190)
139 (130)
140 (689)
141 (169)
142 (177)
143 (265)
144 (83)
145 (1077)
146 (153)
147 (171)
149 (11)
150 (36)
151 (644)
152 (69)
153 (35)
154 (346)
155 (265)
156 (201)
157 (191)
158 (356)
159 (473)
160 (145)
161 (747)
162 (431)
163 (206)
164 (143)
165 (194)
166 (16)
167 (89)
168 (368)
169 (79)
170 (108)
171 (424)
172 (144)
173 (105)
174 (55)
175 (438)
176 (195)
177 (612)
178 (113)
179 (61)
180 (405)
181 (254)
182 (73)
183 (634)
185 (240)
186 (133)
187 (235)
188 (137)
189 (123)
190 (155)
191 (26)
192 (350)
193 (220)
194 (172)
195 (29)
196 (778)
197 (382)
198 (354)
199 (32)
200 (18)
201 (338)
202 (116)
203 (264)
204 (608)
205 (899)
206 (108)
207 (409)
208 (388)
209 (114)
210 (205)
211 (14)
212 (169)
213 (14)
214 (187)
215 (204)
216 (428)
217 (1074)
218 (109)
219 (49)
220 (68)
221 (24)
222 (97)
223 (86)
224 (367)
225 (46)
226 (240)
227 (527)
228 (17)
229 (638)
230 (196)
231 (28)
233 (10)
234 (537)
235 (69)
236 (598)
237 (38)
238 (28)
239 (639)
240 (219)
241 (128)
242 (366)
243 (137)
244 (88)
245 (52)
246 (136)
247 (31)
248 (28)
249 (199)
251 (17)
252 (63)
254 (136)
255 (105)
256 (101)
257 (208)
258 (244)
259 (481)
260 (38)
261 (79)
262 (185)
263 (212)
264 (37)
265 (227)
266 (595)
267 (84)
268 (294)
269 (89)
270 (170)
271 (19)
272 (155)
273 (93)
274 (460)
275 (483)
276 (554)
277 (203)
278 (234)
279 (726)
280 (573)
281 (141)
282 (51)
283 (720)
285 (350)
286 (151)
287 (89)
288 (43)
289 (74)
290 (335)
293 (61)
294 (486)
295 (284)
296 (506)
297 (71)
298 (170)
299 (165)
300 (362)
301 (25)
302 (35)
303 (24)
304 (214)
305 (121)
306 (272)
307 (334)
308 (396)
309 (231)
310 (339)
311 (99)
312 (30)
313 (40)
314 (152)
315 (230)
316 (405)
317 (64)
318 (183)
319 (472)
320 (306)
321 (226)
322 (469)
323 (83)
324 (19)
325 (41)
326 (635)
327 (78)
328 (374)
329 (63)
330 (39)
331 (49)
332 (214)
333 (213)
334 (698)
335 (323)
336 (260)
337 (37)
338 (263)
339 (491)
340 (62)
342 (58)
343 (420)
344 (46)
345 (276)
346 (364)
347 (265)
348 (292)
349 (441)
350 (630)
351 (341)
352 (396)
353 (79)
354 (592)
355 (323)
356 (136)
357 (187)
358 (175)
359 (60)
360 (256)
361 (279)
362 (857)
363 (52)
364 (254)
365 (20)
366 (263)
367 (141)
368 (1543)
369 (163)
370 (150)
371 (167)
372 (120)
373 (413)
374 (116)
375 (119)
376 (99)
377 (656)
378 (386)
379 (209)
380 (44)
381 (878)
382 (15)
383 (133)
384 (166)
385 (330)
387 (363)
388 (127)
389 (13)
390 (398)
391 (23)
392 (218)
393 (68)
394 (119)
395 (348)
396 (132)
397 (210)
400 (356)
401 (639)
402 (195)
403 (287)
404 (21)
405 (419)
406 (80)
407 (116)
408 (168)
409 (73)
410 (30)
411 (351)
412 (245)
413 (478)
414 (287)
415 (303)
416 (29)
417 (199)
418 (97)
419 (778)
420 (64)
421 (357)
422 (581)
423 (174)
424 (298)
426 (58)
427 (612)
428 (67)
429 (29)
430 (169)
431 (101)
432 (115)
436 (125)
437 (165)
438 (1067)
439 (55)
440 (504)
441 (106)
442 (130)
443 (489)
446 (27)
447 (191)
448 (46)
449 (476)
450 (771)
451 (35)
452 (34)
453 (127)
454 (61)
455 (21)
456 (198)
458 (79)
459 (167)
460 (799)
461 (296)
462 (52)
463 (56)
464 (80)
465 (79)
466 (84)
467 (397)
468 (276)
469 (197)
470 (780)
471 (234)
472 (598)
473 (47)
474 (428)
475 (110)
476 (97)
477 (1014)
478 (242)
480 (699)
481 (59)
482 (123)
483 (145)
484 (159)
485 (65)
486 (328)
487 (385)
488 (14)
489 (758)
490 (260)
491 (178)
492 (440)
493 (36)
494 (778)
495 (86)
496 (261)
498 (198)
499 (55)
